2227808233
2727180632
1295158795
1290990204
6785756863
1124812865
4862876412
3417899370
3316947663
5068758108
8760419121
7508610318
4863731094
3748836015
8430956557
2915392706
2781389013
9768800240
9949378850
7672173863
8966243762
2972971752
9603775266
3134577453
0908544782
8214374464
0319617300
3920481682
1392485614
7750872361
4926502992
3758609089
0624291030
9852896253
8055078793
3845558997
0846286076
5584405892
6230450941
7520902862
1994018380
9615714763
6872018364
0352275855
8625437729
6013915601
4941020170
8340920723
3456321945
8226404509
7413366096
6904773936
9951436315
7153436324
5167073146
2208112245
1518849954
4443488936
9453345822
7326356092
9714094976
4420028653
9031942952
9240666508
2532821515
8715220508
5605220519
9837012927
4275022483
7209625569
6670056842
1746685425
8911712167
1921953497
1518163777
2100276131
2822961662
6447859981
5984960303
1441353283
0487096061
9715205674
1615262695
5458497961
5407136651
4720369529
7868254173
1712717189
5386438115
1759312290
8387535885
5843098060
3649403366
6619620728
9628332635
8561964022
4843909130
9001778518
6930131520
7454447333
